8	31	Seq62275	12	2	2	5.9907
5	13	Seq180790	5	2	2	5.65685
3	6	Seq1477	3	1	1	3.16228
1	3	Seq26325	3	0	0	0
1	2	Seq121689	2	0	0	0
1	2	Seq207892	2	0	0	0
2	3	Seq223002	2	1	1	2.82843
3	5	Seq252684	2	1	1	2.82843
1	1	Seq339669	1	1	0	0
1	1	Seq544777	1	1	0	0
1	1	Seq357876	1	1	0	0
1	1	Seq373997	1	1	0	0
1	1	Seq400417	1	1	0	0
3	3	Seq403613	1	3	1	2.82843
1	1	Seq404708	1	1	0	0
1	1	Seq429206	1	1	0	0
1	1	Seq50110	1	1	0	0
1	1	Seq544481	1	1	0	0
1	1	Seq306633	1	1	0	0
2	2	Seq298072	1	2	1	2.82843
1	1	Seq279055	1	1	0	0
4	4	Seq253777	1	4	1	2.82843
2	2	Seq231597	1	2	1	2.82843
1	1	Seq200663	1	1	0	0
1	1	Seq179088	1	1	0	0
2	2	Seq164811	1	2	1	2.82843
5	5	Seq163760	1	5	2	6.32456
1	1	Seq158483	1	1	0	0
1	1	Seq111502	1	1	0	0
