5	20	Seq62275	12	2	2	38.8436
5	13	Seq180790	5	2	2	39.5826
2	7	Seq43037	5	0	1	18
1	4	Seq37218	4	0	0	0
2	4	Seq1477	3	1	1	20.5272
1	3	Seq26325	3	0	0	0
1	2	Seq121689	2	0	0	0
1	2	Seq156803	2	0	0	0
1	2	Seq207892	2	0	0	0
2	3	Seq223002	2	1	1	21.9712
3	5	Seq252684	2	1	1	21.9415
1	1	Seq306633	1	1	0	0
1	1	Seq339669	1	1	0	0
1	1	Seq357876	1	1	0	0
1	1	Seq373997	1	1	0	0
1	1	Seq396196	1	1	0	0
1	1	Seq400417	1	1	0	0
3	3	Seq403613	1	3	1	23.4131
1	1	Seq404708	1	1	0	0
1	1	Seq429206	1	1	0	0
1	1	Seq50110	1	1	0	0
1	1	Seq544481	1	1	0	0
1	1	Seq544777	1	1	0	0
2	2	Seq298072	1	2	1	23.3964
1	1	Seq279055	1	1	0	0
1	1	Seq270429	1	1	0	0
4	4	Seq253777	1	4	1	25.0335
2	2	Seq243209	1	2	1	23.3974
2	2	Seq231597	1	2	1	23.3906
1	1	Seq200663	1	1	0	0
1	1	Seq179088	1	1	0	0
2	2	Seq164811	1	2	1	25.4896
1	1	Seq163760	1	1	0	0
1	1	Seq158483	1	1	0	0
1	1	Seq111502	1	1	0	0
